100
100
0000000000000000001111111111111111111111111111111111111111111111111111111111110001111111111111111111
0000000000000000111111111111111111111111111111111111111111111111111111111111111000111111111111111111
0000000000000001111111111111111111111111111111111111111111111111111111111111111000000000011111011111
0000000000000111111111111111111111111111111111111111111111111111111111111111111100000000000000000000
0000000000011111111111111111111111111111111111111111111111111111111111111111111111111100000000000000
0000000000011111111111111111111111000011111111111111111111111111111111111111111111111111111111111000
0000000000000000000000000000000000000000000000000000000000000000000000000000001111111111111111111111
0000000000000000000000000000000000000000000000000000000000000000000000000000000000000000000000000000
0000000000000000000000000000000000000000000000000000000000000000000000000000000000000000000000000000
0000000000000000000000000000000000000000000000000000000000000000000000000000000000000000000000000000
0000000000000000000000000000000000000000000000000000000000000000000000000000000000000000000000000000
0000000000000000000000000000000000000000000000000000000000000000000000000000000000000000000000000000
1111111111111111111111111111111111111111111111111111111111111111111110011111001000000000000111111111
1111111111111111111111111111111111111111111111111111111111111111111111111111010001111111111111111111
1111111111111111111111111111111111111111111111111111111111111111111111101110111111111111111111111111
1111111111111111111111111111111111111111111111111111111111110011110110011111111111111111111111111111
1111111111111111111111111111111111111111111111111111111110100011001101111111111111111111111111111111
1111111111111111111111111111111111111111111111111111111100101111111111111111111111111111111111111111
1111111111111111111111111111111111111111111111111111111000111111111111111111111111111111111111111111
1111111111111111111111111111111111111111111111111111110001110101111111111111111111111111111111111111
1111111111111111111111111111111111111111111111111111110111111111111111111111111111110111111111111111
1111111111111111111111111111111111111111111111111100000111111111111111111111111111111111111111111111
1111111111111111111111111111111111111111111111111100001111111111111110000100011111111111111111111111
1111111111111111111111111110000000000111111111111000001111111111111101110110001111111111111111111111
0111111111111111111111000000000000000000111111100000111110000000111111100111111111111111111111111111
0000001111011111111100000001000000000000000011101001110111111110011111111001110111111111111111111111
0000000110111111110001111111110000000000000000011101111111111111100111101101001111111111111111111111
0000000011011111101111111111111000011000000000011111111111111111110011101101111111111111111111111111
0000000110000110011111111111111110000011001111100111111111111111111111011000011111111111110011111111
0000000100001100111111111111111111111111011110001111111111111111111100001110111000111101111001111111
0000000000010011111111111111111110111100111100011111111111111111111000000010110000101000011100100111
0000000000000111111111111111111100111001101001111111101101111111111000001111000110000010111110110111
0000000000100111111111110111111000100010010111111111110011111111100011011111101111111011011111111111
0000000000100111111111001101110001000110000111111111111110000111100110111111111101111001101111111111
0000000000001111111100001011100010001001001111111111111111001111001011111111111110000011111111111111
0000000000011100111000010011000100010010001111111111111111111111110111111111111111111111111111111111
0000000001000001110000000110001000100100111111111111111111111100001111111111111111111111111111111111
0000000000000000000000001100000000000011111111111111111111111100111111111111111111111111111111111111
0000000010000000000000011000000000000001111111111111111111100001111111111111111111111111111111111111
0000000010000000000000110000000000000011111111111111111110000111111111111111111111111111111111111111
0000011100000000000000100000000000000011111111111111111000001111111111111111111111111111111110111111
0000011110000000000001000000000000000111111111111111100000111111111111111111111111111111111100110111
0000011110000000000001000000000000001111111111111110000001111111111111111111111111111111111001110011
0000000100000000000000000000000000011111111111111100000011111111111111111111111111111110000111100001
0000010100000000000000000000000000111111111111110000000110011111111111111111111111110000011111000000
0000011100000000000000000000000000111111111111100000001100000001100001111111111111111111111100000000
0000001110000000000000000000000000111111111111000000010000000000000001111111111111111111110000000000
0000000110000000000000000000000000001111111100000001100000000000000001111111111111111110000000000000
0000000010000000000000000000000001001111111000000001100000000000000000111111001111000000000000000000
0000000011000000000000000000000000111111111000000011110000000000000000000011001110000000000000000000
0000000001000000000000000000000000111111110000000111110000000000000000000011010100000000000000000000
0000000001100000000000000000000000111111000000000011110000000000000000000011000000000000000000000000
0000010001100000000000000000000000011111000000010011100000000000000010000001000000000000000000000000
0000000000110000000000000000000000111100000000001010000000000000000011000000000000000000000000000000
0000000000011000000000000000000000111000000000001111000000000000000011000000000000000000000000000000
0000111100001000000000000000000000110000000000001111100000000010000011100000000000000000000000000000
0000011000011100000000000000000000110000000000000101110000000110000010010000000000000000000000000000
0000010110011110000000000000000000000000000000000010110000000001000010010000000000000000000000000000
0000000000111111000000000000000000000000000000000000000110011011000010000000000000000000000000000000
1100100000111111100000000000000000000000000000000000000000001111000000000000000000000000000000000000
1111011111111111110000000000000000000000000000000000000000000001000010000011000000000000000000000000
1111111111111111111000000000000000000000000000000000000000000000000010001111000000000000000000000000
1111111111111111111100000000000000000000000000000000110000000000000000111111100000000000000000000000
0111111111111111111111000000000000000000000000000001100000000000000011111111100000000000000000000000
0001111111111111111111110000000000000000000000000011100000000000001111111111110000000000000000000000
0000000000000000000000111000000000000001000000000111001100000000111111111111110000000000000000000000
0000000000000000000000000000000000000011110000000111011100000111111111111111111000000000000000000000
0000000000000000000000000000000000000011111111001111111111111111111111111111111100000000000000000000
0000000000000000000000000000000000000110111111111111111111111111111111111111111110000000000000000000
0000000000000000000000000000000000000111111111111111111111111111111111111111111111000000000000000000
0000000000000000000000000100000000001100000011111111111111111111111111111111111111111000000000000000
0000000000000001111111111100000000001100000000000000011111111111111111111111111111111111000000000000
0000000000000001111111111000000000011000011111111000000000000011111111111111111111111111101000000000
0000000000000000111111111000000000011000111111111111111111110000000001111111000000000000011111000000
0000000000000000001111110000000000111001111111111111111111111111111000000000000000000000011111111100
0000000000000000000011100000000000110011111111111111111111111111110000000001100000000000011111111111
0000000000000000000001000000000001100111111111111111111111111100000000000001100000000000001111111111
0000000000000000000000000000000001001111111111111111111111000000000000000000110000000000001111111111
0000000000000000000000000000000000011111111111111111110000000000000000000000110000000000001111111111
0000000000000000000000000000000000111111111111111110000000000000000000000000110000000000000111111111
0000000000000000000000000000000111111111111111110000000000000000000000000000111000000000000111111110
0000000000000000000001100001111111111111111110000000000000000000000000000000011000000001000111111111
0000000000000000000011111111111111111111111000000000000000000000000000000000011100001111000000001111
1100000000000000000111111111111111111111100000000000000000000000000000000000011110111000001000001110
1111000000000000011111111111111111111100000000000000000000000000000000000000011110100000011000011110
1111110000000000111111111111111111110000000000000000000000000000000000000000011011000000000000111111
1111111000000011111111111111111110000000000000000000000000000000000000000011111111000000000000111111
1111111110000011111111111111111000000000000000000000000000000000000111111111001000000000000011111111
1111111111001111111111111111110000000000000000000000000000000010000000000000000000000000001111111111
1111111110111111111111111111000000000000000000000000000000001000000000000000000000000001111111111111
1111111001111111111111111110000000000000000000000000000000110000000000000000000000001111111111111111
1111110011111111111111111000000000000000000000000000000001000000000000000000000000111111111111111111
1111000111111111111111100000000000000000000000000000000000000000000000000000000011111111111111111110
1111001111111111111111000000000000000000000000000000000000000000000000000000000111111111111111111100
1110011111111111111110000000000000000000000000000000000000000000000000000000001111111111111111111011
1100111111111111111100000000000000000000000000000000000000000000000000000000011111111111111111111111
1001111111111111110000000000000000000000000000000000000000000000000000000000111111111111111111111111
1011111111111111100000000000000000000000000000000000100000000000000000000001111111111111111111111111
0111111111111111000000000000000000000000000000000000000000000000000000000001111111111111111111111111
0111111111111110000000000000000000000000000000000000000000000000000000000011111111111111111111111111